0.00628203	0.00466295	0.00641156	0.00401532	0.00582869	0.00680014	0.00142479	0.00744777	0.00621727	0.00433914	0.00576393	0.0036915	0.00304387	0.00576393	0.00641156	0.00556964	0.17175328	0.1524638	0.14843207	0.1484308	0.14997904	0.14526693
0.00822719	0.00458223	0.00666507	0.00739406	0.00645678	0.0049988	0.00093727	0.00541537	0.00583193	0.00354082	0.00468637	0.00437395	0.00645678	0.00458223	0.00614436	0.00635264	0.17560048	0.14873265	0.14463779	0.14593362	0.150518	0.1479316
0.01148989	0.0058494	0.00543158	0.00731175	0.00731175	0.00376033	0.00083563	0.00647612	0.00710284	0.00271579	0.00313361	0.00355142	0.00438705	0.00605831	0.00710284	0.00856519	0.16639708	0.14672877	0.14924714	0.15992776	0.13760207	0.14901369
0.01180146	0.00474411	0.00682211	0.00725339	0.00670448	0.00329343	0.00078415	0.00564588	0.0057243	0.00360709	0.0031366	0.004156	0.00639082	0.00474411	0.00592033	0.00964505	0.17664983	0.14971644	0.14731509	0.14717051	0.14525177	0.14352305
0.00791082	0.00381313	0.00657338	0.0062319	0.00563432	0.00466681	0.00082523	0.00628881	0.00566278	0.00367085	0.0050652	0.00503674	0.00529285	0.00526439	0.00700022	0.00893524	0.17207794	0.15051632	0.14727189	0.15251142	0.14472531	0.14502446
0.00825876	0.00386297	0.00586106	0.00479541	0.00586106	0.00426259	0.00199809	0.00506182	0.00586106	0.00586106	0.00532824	0.00293053	0.00293053	0.00319694	0.00666029	0.00412938	0.18104853	0.15548977	0.14155955	0.15439601	0.14686618	0.14378016
0.00630225	0.00331386	0.00562172	0.00375768	0.00434944	0.00446779	0.00307715	0.00455656	0.00576966	0.00479326	0.00535543	0.00334345	0.00260375	0.00387603	0.0051779	0.00426068	0.18050204	0.15355482	0.14398629	0.1547255	0.15079591	0.14580885
0.0084204	0.00436613	0.00717293	0.00498986	0.00592546	0.00623733	0.00062373	0.00873226	0.0056136	0.0056136	0.00343053	0.00405426	0.00530173	0.00530173	0.00717293	0.00592546	0.18040266	0.15918265	0.12981349	0.15465395	0.14922282	0.13784248
0.01012481	0.00645893	0.00750633	0.00715719	0.00977568	0.00453871	0.00017457	0.00750633	0.0061098	0.00331675	0.00279305	0.00471327	0.00506241	0.00785546	0.00645893	0.0066335	0.18415217	0.1325939	0.16045434	0.13077813	0.14929944	0.14653631
0.00686272	0.00405524	0.00733063	0.00452316	0.00639481	0.00436719	0.00046791	0.00701869	0.00577092	0.00530301	0.00514704	0.00467913	0.0037433	0.00436719	0.00795452	0.00639481	0.17650098	0.1544612	0.14575573	0.14571106	0.14872867	0.14446211
0.00282321	0.00482678	0.00428035	0.00245892	0.00637499	0.00846963	0.00309642	0.00673927	0.00391606	0.00573749	0.00446249	0.00282321	0.001275	0.00564642	0.00509999	0.00455356	0.1833458	0.16212108	0.14103393	0.15548543	0.1457705	0.13965949
0.0037873	0.00321717	0.00561987	0.00195474	0.00427599	0.00684158	0.00362441	0.00541625	0.00492757	0.00590494	0.00586421	0.00276921	0.00162895	0.00419454	0.00431671	0.00289138	0.18897346	0.15552558	0.13613257	0.15786566	0.15171823	0.14254967
0.00646828	0.00388718	0.00668596	0.00429145	0.00528657	0.00503779	0.00211463	0.00454023	0.00550425	0.00478901	0.00581523	0.00348292	0.00410487	0.00323414	0.0049756	0.00503779	0.17861921	0.14539447	0.15740997	0.14946304	0.15342378	0.14043363
